image_00000 337 218 359 242
image_00001 339 213 361 241
image_00002 336 212 356 238
image_00003 337 213 359 240
image_00004 337 215 358 243
image_00005 337 210 360 242
image_00006 336 208 362 245
image_00007 338 211 363 244
image_00008 335 207 364 243
image_00009 333 208 362 244
image_00010 331 208 361 244
image_00011 331 208 362 244
image_00012 329 208 362 245
image_00013 331 195 361 246
image_00014 332 193 362 243
image_00015 332 193 365 243
image_00016 329 194 367 248
image_00017 334 195 369 244
image_00018 334 198 376 244
image_00019 330 197 380 245
image_00020 326 199 379 247
image_00021 327 200 381 248
image_00022 330 199 376 245
image_00023 328 199 383 248
image_00024 329 199 381 246
image_00025 326 199 381 245
image_00026 327 200 380 246
image_00027 327 200 384 242
image_00028 348 199 380 246
image_00029 346 197 380 245
image_00030 349 202 380 242
image_00031 351 198 382 243
image_00032 350 199 383 245
image_00033 351 198 381 246
image_00034 353 198 382 247
image_00035 352 198 388 247
image_00036 354 196 383 245
image_00037 352 196 384 250
image_00038 353 199 391 248
image_00039 351 203 390 247
image_00040 352 203 389 247
image_00041 353 198 390 248
image_00042 351 203 390 246
image_00043 351 203 391 247
image_00044 355 193 390 244
image_00045 351 191 391 248
image_00046 355 194 391 247
image_00047 361 193 390 221
image_00048 363 194 388 219
image_00049 364 193 388 217
image_00050 364 192 386 215
image_00051 366 195 388 213
image_00052 366 194 386 212
image_00053 368 193 388 214
image_00054 370 195 387 214
image_00055 370 195 387 212
image_00056 368 195 388 211
image_00057 369 195 388 215
image_00058 372 197 386 210
image_00059 372 194 385 210
image_00060 372 194 389 211
image_00061 375 196 388 213
image_00062 372 198 388 210
image_00063 372 194 387 212
